mpu6050 calibrated
low-pass filter set to 5Hz
x axis pointing backward

21:06:44.969 -1.32 0.48 9.33 -0.06 0.02 -0.03
21:06:45.075 -1.36 0.41 9.69 -0.05 0.02 -0.02
21:06:45.178 -1.32 0.45 9.72 -0.03 0.02 -0.02
21:06:45.284 -1.32 0.55 9.72 -0.03 0.02 -0.02
21:06:45.391 -1.34 0.46 9.71 -0.03 0.02 -0.02
21:06:45.493 -1.33 0.51 9.72 -0.03 0.02 -0.02
21:06:45.600 -1.28 0.55 9.72 -0.04 0.02 -0.02
21:06:45.706 -1.32 0.54 9.74 -0.05 0.02 -0.02
21:06:45.813 -1.34 0.48 9.73 -0.05 0.02 -0.02
21:06:45.915 -1.32 0.46 9.73 -0.06 0.02 -0.02
21:06:46.021 -1.34 0.36 9.72 -0.07 0.02 -0.02
21:06:46.128 -1.34 0.26 9.72 -0.06 0.02 -0.02
21:06:46.230 -1.34 0.23 9.75 -0.05 0.02 -0.02
21:06:46.337 -1.38 0.11 9.72 -0.04 0.02 -0.02
21:06:46.443 -1.38 0.32 9.73 -0.04 0.02 -0.02
21:06:46.546 -1.37 0.34 9.71 -0.05 0.02 -0.02
21:06:46.652 -1.36 0.28 9.74 -0.06 0.02 -0.03
21:06:46.758 -1.38 0.12 9.73 -0.07 0.02 -0.02
21:06:46.861 -1.43 0.36 9.73 -0.09 0.02 -0.03
21:06:46.967 -1.45 0.99 9.73 -0.20 0.03 -0.05
21:06:47.074 -1.38 0.94 9.68 -0.35 0.04 -0.08
21:06:47.176 -1.30 0.37 9.57 -0.51 0.05 -0.10
21:06:47.283 -1.23 -0.59 9.32 -0.67 0.06 -0.10
21:06:47.389 -1.18 -1.33 9.17 -0.75 0.07 -0.13
21:06:47.496 -1.28 -2.78 8.93 -0.76 0.07 -0.13
21:06:47.598 -1.38 -3.97 8.69 -0.71 0.06 -0.13
21:06:47.705 -1.53 -5.01 8.50 -0.60 0.05 -0.12
21:06:47.811 -1.62 -5.38 8.35 -0.47 0.04 -0.09
21:06:47.914 -1.63 -5.36 8.20 -0.37 0.04 -0.07
21:06:48.020 -1.65 -5.78 8.10 -0.26 0.03 -0.06
21:06:48.127 -1.66 -5.93 8.00 -0.18 0.03 -0.04
21:06:48.229 -1.64 -5.92 7.97 -0.11 0.02 -0.03
21:06:48.335 -1.57 -5.78 7.97 -0.07 0.02 -0.03
21:06:48.442 -1.50 -5.63 7.95 -0.05 0.02 -0.02
21:06:48.548 -1.47 -5.59 7.95 -0.03 0.02 -0.02
21:06:48.651 -1.49 -5.57 7.96 -0.02 0.02 -0.02
21:06:48.757 -1.49 -5.98 7.93 -0.01 0.02 -0.01
21:06:48.864 -1.54 -7.08 7.91 0.16 0.00 0.01
21:06:48.966 -1.56 -6.63 7.98 0.37 -0.01 0.05
21:06:49.073 -1.52 -5.48 8.18 0.52 -0.03 0.07
21:06:49.179 -1.46 -4.58 8.43 0.59 -0.03 0.09
21:06:49.282 -1.50 -3.74 8.66 0.64 -0.03 0.09
21:06:49.388 -1.47 -2.77 8.92 0.63 -0.03 0.09
21:06:49.495 -1.44 -2.16 9.12 0.62 -0.03 0.09
21:06:49.597 -1.41 -1.51 9.30 0.60 -0.03 0.08
21:06:49.703 -1.40 -0.87 9.41 0.57 -0.03 0.07
21:06:49.810 -1.37 0.42 9.54 0.49 -0.02 0.06
21:06:49.912 -1.32 1.01 9.62 0.35 -0.01 0.04
21:06:50.019 -1.32 1.44 9.71 0.20 0.00 0.01
21:06:50.125 -1.28 1.62 9.75 0.05 0.01 -0.00
21:06:50.232 -1.34 1.05 9.73 -0.06 0.02 -0.02
21:06:50.334 -1.38 0.60 9.72 -0.09 0.02 -0.03
21:06:50.441 -1.36 0.42 9.71 -0.09 0.02 -0.03
21:06:50.547 -1.37 0.28 9.71 -0.09 0.02 -0.03
21:06:50.650 -1.38 0.03 9.70 -0.06 0.02 -0.03
21:06:50.756 -1.40 -0.36 9.71 -0.02 0.02 -0.02
21:06:50.862 -1.40 -0.63 9.68 0.08 0.01 -0.00
21:06:50.965 -1.42 -0.55 9.61 0.22 -0.00 0.02
21:06:51.071 -1.43 -0.33 9.52 0.38 -0.01 0.05
21:06:51.178 -1.34 0.17 9.33 0.56 -0.02 0.07
21:06:51.280 -1.17 1.15 9.09 0.71 -0.04 0.10
21:06:51.387 -0.92 2.50 8.80 0.80 -0.04 0.12
21:06:51.493 -0.72 4.13 8.59 0.78 -0.04 0.12
21:06:51.600 -0.70 5.67 8.41 0.65 -0.03 0.08
21:06:51.702 -0.76 6.62 8.31 0.41 -0.01 0.06
21:06:51.809 -0.90 6.09 8.21 0.22 0.00 0.04
21:06:51.915 -0.84 5.80 8.10 0.14 0.01 0.01
21:06:52.017 -0.72 5.76 8.07 0.09 0.01 0.00
21:06:52.124 -0.63 5.62 8.04 0.06 0.01 -0.00
21:06:52.231 -0.50 6.02 8.01 0.03 0.01 -0.00
21:06:52.333 -0.51 5.61 7.97 -0.02 0.02 -0.01
21:06:52.439 -0.88 5.77 7.94 -0.02 0.02 -0.03
21:06:52.546 -0.69 5.49 7.97 -0.04 0.02 -0.02
21:06:52.648 -0.58 5.59 7.98 -0.04 0.02 -0.02
21:06:52.755 -0.66 5.67 7.96 -0.05 0.02 -0.03
21:06:52.861 -0.70 5.61 7.98 -0.05 0.02 -0.03
21:06:52.964 -0.75 5.35 7.98 -0.05 0.02 -0.03
21:06:53.070 -0.76 5.46 8.00 -0.01 0.02 -0.02
21:06:53.177 -0.63 6.54 8.02 -0.09 0.02 -0.02
21:06:53.283 -0.57 6.78 8.07 -0.26 0.03 -0.06
21:06:53.386 -0.61 6.34 8.19 -0.45 0.05 -0.09
21:06:53.492 -0.69 5.63 8.29 -0.61 0.06 -0.12
21:06:53.599 -0.84 4.54 8.51 -0.70 0.07 -0.14
21:06:53.701 -1.11 2.05 8.40 -0.84 0.06 -0.11
21:06:53.807 -1.13 1.64 9.03 -0.68 0.06 -0.12
21:06:53.914 -1.24 0.87 9.22 -0.52 0.05 -0.08
21:06:54.016 -1.26 0.72 9.48 -0.23 0.03 -0.07
21:06:54.123 -1.25 1.26 9.59 -0.13 0.03 -0.05
21:06:54.229 -1.34 1.59 9.59 -0.13 0.02 -0.05
21:06:54.332 -1.48 1.28 9.61 -0.13 0.02 -0.04
21:06:54.438 -1.46 1.23 9.57 -0.13 0.03 -0.04
21:06:54.545 -1.41 0.84 9.47 -0.13 0.02 -0.05
21:06:54.651 -1.55 1.34 9.72 -0.14 0.03 -0.04
21:06:54.753 -1.65 0.88 9.55 -0.12 0.03 -0.05
21:06:54.860 -2.77 1.19 9.46 -0.07 0.01 -0.06
21:06:54.967 -3.92 0.89 9.01 -0.11 0.05 -0.06
21:06:55.069 -4.26 0.65 9.03 -0.26 0.06 -0.03
21:06:55.175 -3.62 0.67 8.94 -0.34 0.08 -0.03
21:06:55.282 -2.44 0.85 7.21 -0.43 0.15 -0.06
21:06:55.384 -1.64 -2.66 10.16 -0.27 0.02 -0.13
21:06:55.491 -2.61 -0.55 10.26 -0.03 0.01 -0.05
21:06:55.597 -2.46 -1.87 9.98 0.10 -0.01 -0.07
21:06:55.700 -0.23 -1.43 8.62 0.12 -0.04 -0.00
21:06:55.806 -0.30 -1.46 9.64 0.14 -0.04 0.06
21:06:55.913 -1.38 0.99 8.91 -0.03 0.02 0.00
21:06:56.019 -2.40 -0.52 9.60 -0.05 -0.00 -0.02
21:06:56.121 -2.63 -0.14 9.91 0.04 0.01 -0.10
21:06:56.228 -2.17 -2.06 9.67 0.24 -0.02 -0.08
21:06:56.335 -0.67 1.57 9.35 0.25 0.01 -0.04
21:06:56.437 -1.69 2.33 10.62 0.07 -0.01 -0.03
21:06:56.543 -1.32 0.27 8.92 -0.11 0.02 0.04
21:06:56.650 -2.12 -0.99 9.56 -0.06 0.01 0.05
21:06:56.752 -4.35 1.07 10.05 -0.01 0.03 0.09
21:06:56.859 -4.31 0.80 9.90 -0.01 0.06 0.15
21:06:56.965 -3.40 0.03 9.93 -0.00 0.03 0.18
21:06:57.068 -4.33 1.12 9.43 -0.08 0.01 0.11
21:06:57.174 -2.60 0.78 9.62 -0.07 0.04 0.08
21:06:57.281 -0.31 0.07 9.25 -0.07 0.03 -0.01
21:06:57.387 0.58 -0.10 10.47 -0.04 0.07 -0.08
21:06:57.490 0.24 -0.10 9.63 -0.01 0.03 -0.04
21:06:57.596 -3.51 -0.26 11.29 0.01 -0.00 0.02
21:06:57.702 -5.39 2.44 11.26 -0.09 0.04 0.00
21:06:57.805 -4.75 2.42 9.79 -0.24 0.04 -0.05
21:06:57.911 -5.48 0.36 9.06 -0.27 0.01 -0.08
21:06:58.018 -3.79 -1.13 9.57 -0.13 -0.02 -0.14
21:06:58.120 1.68 -0.70 7.82 0.04 0.02 -0.14
21:06:58.227 0.18 0.71 9.73 0.09 0.01 -0.22
21:06:58.333 -1.86 1.51 8.91 -0.02 -0.00 -0.12
21:06:58.436 -5.42 0.87 9.88 -0.11 0.03 -0.05
21:06:58.542 -4.90 -1.42 8.03 0.23 0.01 -0.07
21:06:58.649 -2.43 1.92 9.87 0.24 -0.01 -0.24
21:06:58.755 1.67 -0.45 10.33 0.11 -0.03 -0.06
21:06:58.858 -0.05 -0.73 9.72 -0.03 0.07 0.11
21:06:58.964 -6.38 -1.07 10.90 -0.12 -0.03 0.13
21:06:59.071 -6.77 0.70 9.64 -0.16 -0.04 0.06
21:06:59.173 -2.12 -1.15 9.88 -0.03 -0.02 0.08
21:06:59.279 3.52 0.50 8.58 -0.01 0.07 0.04
21:06:59.386 -1.73 1.50 10.32 0.01 0.01 -0.02
21:06:59.488 -4.66 0.56 8.37 0.05 0.04 -0.08
21:06:59.595 -5.11 1.58 6.99 0.02 0.04 0.04
21:06:59.701 0.51 -1.72 10.71 -0.02 -0.00 -0.10
21:06:59.804 0.95 -1.06 9.13 -0.02 0.06 0.02
21:06:59.910 -3.97 1.84 7.89 -0.07 0.03 0.00
21:07:00.017 -7.04 -1.38 9.36 -0.21 -0.03 0.02
21:07:00.123 1.05 -0.19 8.26 0.08 0.09 0.04
21:07:00.225 -0.11 0.14 11.08 -0.01 0.01 -0.05
21:07:00.332 -3.07 -0.48 8.36 0.11 -0.07 -0.05
21:07:00.439 -5.93 1.62 9.67 -0.09 -0.02 -0.09
21:07:00.541 1.48 -1.27 12.00 0.16 -0.01 -0.16
21:07:00.647 -0.91 1.31 10.09 -0.09 0.07 -0.00
21:07:00.754 -5.95 -1.02 9.10 -0.03 0.05 0.06
21:07:00.856 -4.11 1.40 10.75 0.26 0.01 0.06
21:07:00.963 0.66 -0.89 9.96 -0.25 0.09 0.20
21:07:01.069 -2.81 -2.24 8.80 -0.08 -0.00 0.19
21:07:01.172 -4.78 2.92 8.63 -0.06 0.06 0.03
21:07:01.278 -0.11 0.12 11.89 -0.08 0.07 -0.04
21:07:01.385 -1.59 0.42 8.71 -0.21 0.06 0.01
21:07:01.491 -6.57 -0.05 8.84 0.01 0.04 -0.11
21:07:01.594 -0.83 0.09 10.13 -0.09 -0.00 -0.04
21:07:01.700 0.94 -1.26 9.22 -0.05 -0.00 0.09
21:07:01.806 -0.17 -1.00 8.13 -0.06 0.04 0.13
21:07:01.909 -0.79 -0.73 10.29 -0.07 0.03 -0.00
21:07:02.015 -0.30 0.10 9.70 0.01 0.02 0.01
21:07:02.122 -1.31 0.82 10.07 -0.02 0.03 0.07
21:07:02.224 -1.54 -0.12 9.34 -0.14 0.06 0.14
21:07:02.331 -0.86 0.00 9.63 -0.22 0.04 0.22
21:07:02.437 -1.38 -0.22 9.68 -0.45 0.05 0.19
21:07:02.540 -1.20 -0.74 9.89 -0.63 0.06 0.08
21:07:02.646 -2.31 0.09 10.14 -0.79 0.07 -0.14
21:07:02.752 -1.64 -1.10 9.57 -0.77 0.12 -0.43
21:07:02.859 -0.92 -1.57 9.12 -0.56 0.24 -0.68
21:07:02.962 -1.50 -1.90 10.05 -0.42 0.40 -0.83
21:07:03.068 -1.68 0.58 10.26 -0.23 0.40 -0.87
21:07:03.174 -1.05 -0.28 11.38 -0.10 0.41 -0.85
21:07:03.277 -1.35 -0.12 11.45 -0.04 0.43 -0.84
21:07:03.383 -1.30 0.51 11.57 0.01 0.39 -0.86
21:07:03.490 -2.45 0.34 12.48 0.07 0.45 -0.83
21:07:03.592 -0.50 -0.00 10.63 0.17 0.37 -0.67
21:07:03.699 -0.46 -0.45 12.43 0.01 0.32 -0.66
21:07:03.805 -1.40 0.08 11.91 0.09 0.31 -0.73
21:07:03.912 -0.43 0.40 10.23 0.33 0.45 -0.91
21:07:04.014 -3.32 -0.46 11.78 0.78 0.61 -1.22
21:07:04.121 -0.13 2.41 9.45 1.23 0.43 -1.13
21:07:04.227 -0.61 1.79 9.85 1.33 0.16 -0.57
21:07:04.330 -0.40 1.75 8.73 1.22 0.00 0.01
21:07:04.436 0.15 1.10 9.62 0.93 -0.02 0.36
21:07:04.543 -0.55 0.20 10.69 0.67 -0.02 0.53
21:07:04.645 -1.24 0.71 9.90 0.50 0.05 0.56
21:07:04.751 -0.96 -0.97 9.39 0.47 0.10 0.62
21:07:04.858 -1.39 -1.21 11.02 0.28 0.26 0.70
21:07:04.964 -0.33 0.15 10.07 0.26 0.33 0.80
21:07:05.067 0.20 -0.49 11.04 0.16 0.30 0.87
21:07:05.173 -0.38 -0.28 11.07 0.06 0.30 0.84
21:07:05.280 -0.98 -0.05 11.63 -0.03 0.39 0.86
21:07:05.382 0.02 -0.30 10.54 -0.00 0.36 0.85
21:07:05.489 -0.38 -0.35 11.86 -0.08 0.40 0.85
21:07:05.595 -0.39 1.00 10.99 -0.09 0.43 0.84
21:07:05.697 -0.39 0.47 10.70 -0.05 0.41 0.87
21:07:05.804 -0.95 0.69 11.58 -0.06 0.45 0.94
21:07:05.910 -2.55 1.32 10.94 -0.07 0.59 0.97
21:07:06.017 -1.43 1.70 10.77 -0.11 0.60 0.97
21:07:06.119 -2.57 2.24 11.86 -0.03 0.60 0.98
21:07:06.226 -2.27 2.75 14.12 -0.17 0.64 1.09
21:07:06.332 -2.54 1.98 12.56 -0.06 0.67 1.02
21:07:06.435 -1.20 0.57 11.62 -0.21 0.62 1.01
21:07:06.541 -0.10 -2.11 10.19 -0.24 0.46 1.14
21:07:06.648 -2.05 0.80 9.35 -0.20 0.60 0.94
21:07:06.750 -0.58 0.38 10.93 -0.30 0.54 0.93
21:07:06.857 -2.04 1.66 12.65 -0.35 0.56 0.91
21:07:06.963 0.23 -0.02 9.64 -0.17 0.45 0.91
21:07:07.070 -1.65 2.01 10.76 -0.24 0.44 0.73
21:07:07.172 -2.06 -0.53 8.93 -0.17 0.43 0.66
21:07:07.278 -1.82 1.02 11.08 -0.26 0.33 0.77
21:07:07.385 -3.14 0.20 12.81 -0.29 0.21 0.77
21:07:07.487 -2.70 1.25 12.18 -0.46 0.21 0.74
21:07:07.594 -2.11 -2.92 10.25 -0.19 0.24 0.65
21:07:07.700 -6.22 3.92 13.57 -0.16 0.57 0.63
21:07:07.803 -4.90 2.26 14.77 -0.51 0.84 0.56
21:07:07.909 -0.19 2.85 9.58 -0.03 0.40 0.63
21:07:08.016 2.92 -2.29 8.26 0.01 0.01 0.59
21:07:08.122 -1.26 -0.51 6.86 -0.10 0.13 0.52
21:07:08.224 -4.55 0.48 10.53 -0.26 0.22 0.55
21:07:08.331 -3.26 -0.65 11.69 -0.24 0.20 0.61
21:07:08.437 -1.00 -0.33 10.17 -0.18 0.13 0.54
21:07:08.540 -1.51 -1.15 11.79 -0.07 0.09 0.35
21:07:08.646 -1.16 -0.08 9.20 0.04 0.04 0.46
21:07:08.753 -2.04 1.90 9.99 0.06 0.14 0.53
21:07:08.855 0.57 0.42 9.02 -0.12 0.18 0.62
21:07:08.962 -2.04 0.94 11.21 -0.08 0.23 0.57
21:07:09.068 -3.31 -0.25 13.71 -0.40 0.24 0.54
21:07:09.175 -2.77 1.46 8.64 -0.31 0.20 0.54
21:07:09.277 -2.50 -0.01 11.79 -0.33 0.09 0.46
21:07:09.384 -0.69 0.68 9.87 -0.19 0.00 0.46
21:07:09.490 -0.10 -0.25 7.38 -0.21 0.05 0.32
21:07:09.593 -2.20 -0.34 9.78 -0.16 0.10 0.22
21:07:09.699 -4.69 1.36 10.85 -0.09 0.17 0.19
21:07:09.806 -0.47 1.18 9.44 -0.07 -0.02 0.08
21:07:09.908 -0.74 3.95 7.22 0.04 0.24 0.19
21:07:10.014 -4.59 0.62 13.13 -0.39 0.26 0.26
21:07:10.121 -4.03 -1.29 9.61 -0.50 0.20 0.37
21:07:10.223 -0.42 -0.97 8.47 -0.27 0.10 0.23
21:07:10.330 0.20 -1.01 8.33 -0.23 0.00 0.00
21:07:10.436 -2.16 -0.44 8.66 -0.02 0.03 -0.06
21:07:10.543 -3.55 0.21 10.35 -0.07 0.04 0.02
21:07:10.645 -1.68 -0.17 10.23 -0.07 0.07 -0.01
21:07:10.752 -0.10 0.90 8.42 -0.02 0.05 0.02
21:07:10.858 -2.49 0.06 9.86 -0.18 0.03 0.06
21:07:10.961 -3.17 -0.35 8.00 -0.07 0.04 0.04
21:07:11.067 0.58 1.49 9.93 -0.06 -0.01 0.07
21:07:11.174 -2.64 -0.40 11.42 -0.06 0.05 0.00
21:07:11.276 -2.39 0.52 9.70 0.06 -0.01 0.14
21:07:11.382 -3.39 -0.11 8.87 -0.05 0.08 0.08
21:07:11.489 -0.96 -0.02 10.52 -0.01 0.03 0.02
21:07:11.591 -1.82 -0.22 9.78 -0.26 0.04 0.05
21:07:11.698 -2.06 0.07 7.76 -0.21 0.03 0.02
21:07:11.804 -0.95 0.24 9.83 -0.09 0.03 -0.07
21:07:11.911 -0.95 -0.18 8.75 0.05 0.03 -0.18
21:07:12.013 -1.74 0.06 9.02 0.12 0.02 -0.07
21:07:12.120 -3.05 -0.27 10.36 0.00 0.03 -0.00
21:07:12.226 -0.58 0.34 9.73 0.08 0.02 -0.11
21:07:12.328 -1.50 2.10 9.47 0.03 0.03 -0.01
21:07:12.435 -3.52 1.21 9.99 -0.11 0.08 0.00
21:07:12.542 0.39 0.43 9.35 -0.10 -0.03 0.11
21:07:12.644 -1.40 -1.93 9.34 -0.10 -0.03 0.08
21:07:12.750 -1.92 -0.42 9.51 -0.01 0.05 0.07
21:07:12.857 -2.24 0.39 10.82 -0.03 0.05 -0.06
21:07:12.959 -0.11 -0.04 10.52 -0.01 0.00 -0.16
21:07:13.066 -1.08 0.62 8.35 -0.06 -0.04 -0.04
21:07:13.172 -3.75 1.33 8.36 -0.09 0.01 -0.05
21:07:13.279 0.47 -0.32 10.15 -0.02 -0.04 0.08
21:07:13.381 -1.16 -1.13 8.02 0.04 -0.00 -0.02
21:07:13.488 -3.43 -0.18 7.58 0.10 -0.03 0.03
21:07:13.594 -2.81 -1.58 11.25 0.04 -0.01 -0.09
21:07:13.696 0.70 0.05 8.54 0.00 0.03 -0.06
21:07:13.803 -4.03 -1.09 8.79 -0.12 0.11 0.06
21:07:13.910 -0.91 0.00 10.85 -0.05 -0.00 0.05
21:07:14.012 -1.30 -2.08 8.35 -0.10 0.04 0.07
21:07:14.118 -2.50 -1.50 8.01 0.05 0.00 -0.08
21:07:14.225 -1.67 -0.38 8.17 0.17 0.05 -0.12
21:07:14.327 0.45 0.67 9.54 0.12 0.00 -0.02
21:07:14.434 -3.57 2.11 7.52 -0.09 0.05 0.06
21:07:14.540 -0.23 -0.47 9.79 -0.22 0.03 0.09
21:07:14.647 -1.15 -1.34 10.54 -0.08 -0.05 -0.05
21:07:14.749 -1.95 1.33 11.65 -0.14 0.02 -0.08
21:07:14.856 1.83 -0.29 10.14 0.07 -0.00 -0.12
21:07:14.962 1.49 0.94 10.55 0.04 0.02 -0.04
21:07:15.064 1.73 -0.06 10.21 -0.05 0.03 0.05
21:07:15.171 1.23 0.48 10.96 -0.09 0.02 0.05
21:07:15.278 2.22 -0.08 10.65 -0.16 0.01 0.06
21:07:15.380 1.13 -0.58 10.38 -0.09 -0.02 -0.04
21:07:15.486 1.39 -0.71 10.69 -0.06 -0.02 -0.14
21:07:15.593 2.21 -0.29 8.97 0.03 0.01 -0.20
21:07:15.699 1.92 0.24 10.58 0.11 0.00 -0.14
21:07:15.802 0.96 0.44 10.77 0.11 0.02 -0.10
21:07:15.908 1.65 0.41 10.86 0.07 -0.01 0.04
21:07:16.015 1.77 -0.69 9.46 0.03 0.00 0.10
21:07:16.117 1.92 -0.51 10.19 -0.08 0.03 0.11
21:07:16.224 1.81 0.17 10.65 -0.05 -0.00 0.14
21:07:16.330 1.64 -0.02 10.01 -0.06 0.03 0.06
21:07:16.432 3.60 -0.78 10.71 -0.08 -0.00 0.03
21:07:16.539 1.07 -0.22 9.61 -0.00 0.02 0.01
21:07:16.645 1.61 0.05 9.59 -0.02 -0.00 0.05
21:07:16.748 1.24 0.37 9.82 -0.05 0.02 0.02
21:07:16.854 0.91 -0.09 10.12 -0.01 0.03 -0.04
21:07:16.961 1.98 -0.35 9.89 -0.00 0.01 -0.01
21:07:17.067 2.49 0.04 10.51 -0.02 0.02 -0.02
21:07:17.170 -1.45 0.16 9.64 -0.08 0.04 0.01
21:07:17.276 -1.50 0.22 9.73 -0.04 0.04 -0.00
21:07:17.383 -1.38 0.06 9.73 -0.06 0.04 -0.01
21:07:17.485 -1.53 -0.10 9.83 -0.01 0.03 -0.01
21:07:17.591 -1.81 -0.40 9.81 0.01 0.01 -0.02
21:07:17.698 -1.59 0.11 9.82 0.05 -0.00 -0.01
21:07:17.800 -1.62 0.31 9.94 0.09 -0.01 -0.00
21:07:17.907 -1.60 1.21 9.86 0.05 0.00 -0.00
21:07:18.013 -1.10 1.06 9.64 -0.09 0.02 -0.01
21:07:18.116 -1.19 0.30 9.65 -0.15 0.02 -0.04
21:07:18.222 -1.27 0.17 9.72 -0.11 0.02 -0.05
21:07:18.329 -1.47 -0.35 9.73 -0.08 0.02 -0.03
21:07:18.431 -1.37 -0.12 9.74 -0.02 0.02 -0.02
21:07:18.538 -1.56 -0.30 9.79 0.04 0.01 -0.02
21:07:18.644 -1.21 1.10 9.85 0.01 0.01 -0.03
21:07:18.751 -1.44 0.39 9.74 -0.06 0.02 -0.02
21:07:18.853 -1.33 0.06 9.74 -0.09 0.02 -0.03
21:07:18.959 -1.48 -0.01 9.73 -0.09 0.02 -0.04
21:07:19.066 -1.29 -0.02 9.75 -0.08 0.02 -0.03
21:07:19.168 -1.49 -0.28 9.72 -0.07 0.02 -0.02
21:07:19.275 -1.39 -0.42 9.75 -0.02 0.02 -0.02
21:07:19.381 -1.39 -0.05 9.75 0.00 0.02 -0.01
21:07:19.484 -1.38 0.05 9.73 0.01 0.01 -0.01
21:07:19.590 -1.39 0.09 9.75 0.00 0.02 -0.01
21:07:19.697 -1.37 0.12 9.75 -0.01 0.02 -0.02
21:07:19.799 -1.38 0.20 9.75 -0.02 0.02 -0.02
21:07:19.906 -1.32 0.13 9.75 -0.03 0.02 -0.02
21:07:20.012 -1.36 -0.03 9.76 -0.02 0.02 -0.01
21:07:20.115 -1.45 -0.02 9.73 -0.00 0.02 -0.02
21:07:20.221 -1.34 0.09 9.77 -0.01 0.02 -0.02
21:07:20.328 -1.38 0.19 9.75 -0.02 0.02 -0.02
21:07:20.434 -1.39 0.18 9.74 -0.02 0.02 -0.02
21:07:20.536 -1.35 0.08 9.75 -0.03 0.02 -0.02
21:07:20.643 -1.34 0.12 9.75 -0.03 0.02 -0.02
21:07:20.749 -1.42 0.02 9.74 -0.02 0.02 -0.02
21:07:20.852 -1.34 0.29 9.75 -0.03 0.02 -0.02
21:07:20.958 -1.40 0.16 9.72 -0.06 0.02 -0.01
21:07:21.065 -1.47 0.16 9.74 -0.06 0.02 -0.03
21:07:21.167 -1.49 -0.29 9.74 -0.05 0.02 -0.05
21:07:21.274 -1.42 -0.05 9.74 -0.03 0.02 -0.03
21:07:21.380 -1.40 -0.37 9.72 -0.02 0.02 -0.01
21:07:21.482 -1.37 -0.38 9.74 0.03 0.01 -0.01
21:07:21.589 -1.33 -0.21 9.73 0.08 0.01 -0.01
21:07:21.695 -1.31 0.05 9.74 0.11 0.01 0.01
21:07:21.798 -1.36 0.13 9.71 0.15 0.00 0.02
21:07:21.904 -1.35 1.21 9.75 0.12 0.01 0.02
21:07:22.011 -1.29 1.50 9.74 -0.03 0.02 0.00
21:07:22.117 -1.41 0.42 9.71 -0.08 0.02 -0.03
21:07:22.220 -1.40 0.26 9.71 -0.03 0.02 -0.04
21:07:22.326 -1.28 0.69 9.73 -0.02 0.02 -0.02
21:07:22.433 -1.27 0.62 9.74 -0.04 0.02 -0.01
21:07:22.535 -1.29 0.59 9.74 -0.03 0.02 -0.01
